1500
4 0.909384 0.38673 Epulet1
5 0.784177 0.410259 Epulet1
10 0.813812 0.564978 Epulet1
11 0.801883 0.526934 Epulet1
8 0.846562 0.524757 Epulet1
8 0.648905 0.631343 Epulet1
1 0.00522834 0.19864 Folyo
9 0.799079 0.552726 Epulet1
6 0.828049 0.233134 Epulet1
0 0.381964 0.849554 Epulet2
10 0.686471 0.54721 Folyo
9 0.647679 0.577611 Epulet1
11 0.409803 0.23857 Epulet2
3 0.784184 0.470762 Folyo
6 0.617734 0.871836 Folyo
6 0.370461 0.771475 Epulet2
6 0.476232 0.990286 Folyo
4 0.807768 0.491669 Epulet1
5 0.395876 0.804124 Epulet2
1 0.332516 0.17509 Folyo
3 0.183024 0.611385 Epulet2
7 0.95744 0.497252 Epulet1
4 0.725328 0.595575 Epulet1
7 0.399784 0.799996 Epulet2
0 0.00884363 0.958035 Epulet2
10 0.0807044 0.220607 Folyo
10 0.804308 0.5822 Epulet1
8 0.960899 0.79833 Folyo
6 0.948152 0.532682 Folyo
9 0.741732 0.579976 Folyo
8 0.686378 0.489858 Folyo
0 0.463365 0.0723611 Folyo
8 0.738359 0.475667 Folyo
5 0.875197 0.53348 Epulet1
9 0.823328 0.540405 Epulet1
6 0.789851 0.494829 Epulet1
11 0.722249 0.54808 Folyo
11 0.512679 0.510032 Epulet1
7 0.072671 0.223461 Folyo
9 0.226096 0.0824752 Folyo
1 0.962093 0.631598 Folyo
5 0.986222 0.690777 Folyo
10 0.598124 0.413076 Folyo
0 0.0756835 0.116292 Folyo
10 0.0909919 0.134308 Folyo
3 0.77102 0.488291 Epulet1
8 0.561246 0.424295 Folyo
5 0.0368539 0.566764 Epulet1
7 0.269396 0.112513 Folyo
10 0.172259 0.283525 Folyo
7 0.405428 0.769219 Epulet2
1 0.183454 0.269824 Folyo
4 0.731953 0.56288 Folyo
7 0.469805 0.843619 Epulet2
6 0.914011 0.62683 Folyo
10 0.392058 0.890778 Epulet2
3 0.579744 0.501613 Folyo
2 0.808852 0.492832 Epulet1
3 0.608642 0.498357 Folyo
0 0.565523 0.633236 Folyo
9 0.221393 0.290498 Folyo
2 0.0393081 0.104663 Folyo
2 0.402804 0.604995 Folyo
5 0.874997 0.314376 Epulet1
1 0.445441 0.83813 Epulet2
1 0.645257 0.593206 Folyo
8 0.865156 0.627333 Folyo
3 0.804689 0.47341 Epulet1
9 0.0652107 0.259029 Folyo
1 0.316557 0.933537 Epulet2
6 0.863637 0.820985 Folyo
0 0.207386 0.510342 Epulet1
5 0.897062 0.338991 Folyo
2 0.185914 0.494253 Epulet2
10 0.400002 0.800003 Epulet2
9 0.732707 0.712315 Folyo
1 0.533537 0.883443 Epulet2
6 0.260022 0.286997 Folyo
0 0.319504 0.385876 Epulet2
10 0.794453 0.501802 Epulet1
0 0.144232 0.0331851 Folyo
10 0.39734 0.797922 Epulet2
10 0.956027 0.705623 Folyo
0 0.434043 0.822963 Epulet2
3 0.822618 0.597968 Epulet1
5 0.112196 0.257973 Folyo
5 0.466816 0.447842 Folyo
11 0.862546 0.620326 Folyo
2 0.0327753 0.185293 Folyo
6 0.647649 0.74381 Epulet1
3 0.786587 0.503344 Epulet1
3 0.387675 0.452959 Folyo
4 0.230132 0.517642 Folyo
0 0.312096 0.395752 Folyo
5 0.892571 0.207754 Folyo
3 0.928864 0.875409 Folyo
4 0.640737 0.212679 Epulet1
10 0.118255 0.452074 Epulet2
4 0.380994 0.722787 Epulet1
7 0.394906 0.780988 Epulet2
10 0.77854 0.550851 Folyo
8 0.405695 0.33566 Folyo
2 0.335989 0.0827145 Folyo
1 0.160192 0.298233 Folyo
7 0.890298 0.640362 Folyo
8 0.0887271 0.546739 Folyo
3 0.769866 0.432317 Epulet1
5 0.933367 0.605549 Folyo
2 0.7453 0.50821 Folyo
11 0.399978 0.799985 Epulet2
5 0.835605 0.583881 Epulet1
8 0.389594 0.795367 Epulet2
8 0.408032 0.372223 Folyo
3 0.914219 0.674106 Folyo
2 0.6152 0.720234 Epulet1
5 0.394386 0.82641 Epulet2
7 0.764964 0.214647 Epulet1
1 0.964082 0.584163 Folyo
10 0.681747 0.452075 Epulet2
2 0.719014 0.363544 Folyo
8 0.427372 0.631004 Folyo
7 0.793542 0.573806 Epulet1
11 0.253487 0.619911 Folyo
10 0.0653814 0.395515 Folyo
1 0.164829 0.0307895 Epulet2
7 0.978536 0.337064 Folyo
0 0.400016 0.800022 Epulet2
8 0.461722 0.65774 Epulet1
1 0.824127 0.445809 Epulet1
2 0.384609 0.690484 Epulet2
11 0.388682 0.741771 Epulet2
6 0.718244 0.306602 Folyo
5 0.770341 0.448628 Epulet1
2 0.404358 0.805999 Epulet2
1 0.93363 0.082473 Folyo
4 0.755627 0.514417 Epulet1
3 0.24721 0.341588 Folyo
1 0.514376 0.224174 Epulet1
1 0.941462 0.558926 Epulet2
5 0.872469 0.484596 Epulet1
10 0.95835 0.846811 Folyo
2 0.794295 0.498787 Epulet1
11 0.438784 0.673145 Epulet2
1 0.824187 0.347021 Folyo
5 0.789429 0.379174 Epulet1
11 0.395728 0.786853 Epulet2
2 0.179288 0.305072 Folyo
10 0.397603 0.791055 Epulet2
5 0.585183 0.522577 Epulet1
0 0.0394364 0.274675 Folyo
5 0.840664 0.505715 Epulet1
0 0.300374 0.390706 Folyo
0 0.472257 0.453057 Folyo
3 0.239351 0.301945 Folyo
9 0.39432 0.795234 Epulet2
0 0.0557558 0.199078 Folyo
10 0.59147 0.49211 Folyo
6 0.763191 0.3411 Folyo
2 0.621619 0.590889 Epulet1
7 0.114166 0.137964 Folyo
3 0.583804 0.481548 Folyo
6 0.708692 0.545157 Folyo
6 0.075307 0.266767 Folyo
5 0.516816 0.510944 Folyo
7 0.995686 0.591377 Folyo
3 0.0299092 0.227702 Folyo
7 0.70591 0.244364 Folyo
1 0.388782 0.801978 Epulet2
10 0.399873 0.800175 Epulet2
0 0.400864 0.798504 Epulet2
1 0.394298 0.792702 Epulet2
3 0.394984 0.406916 Folyo
9 0.79648 0.489167 Epulet1
8 0.0276617 0.475577 Folyo
3 0.354438 0.721083 Epulet2
2 0.78815 0.50712 Epulet1
3 0.48699 0.181057 Epulet2
10 0.958506 0.564041 Epulet1
1 0.21727 0.282506 Folyo
5 0.232097 0.690962 Epulet2
11 0.841039 0.501433 Epulet1
6 0.941678 0.626254 Folyo
5 0.927391 0.592555 Epulet1
8 0.395468 0.80367 Epulet2
8 0.41055 0.824854 Epulet2
10 0.420421 0.871218 Epulet2
4 0.358572 0.697461 Epulet2
10 0.11635 0.162099 Folyo
0 0.552605 0.624449 Epulet2
9 0.809741 0.643977 Folyo
3 0.732065 0.627765 Epulet1
4 0.682976 0.647386 Folyo
4 0.788291 0.52898 Epulet1
4 0.683999 0.636759 Folyo
1 0.57375 0.0863303 Folyo
8 0.698569 0.386684 Folyo
8 0.395499 0.813071 Epulet2
3 0.792471 0.511594 Epulet1
8 0.424509 0.773717 Epulet2
3 0.590534 0.326345 Folyo
8 0.51468 0.760513 Epulet2
10 0.400235 0.795514 Epulet2
1 0.276251 0.24366 Folyo
9 0.896274 0.878603 Epulet2
11 0.00218796 0.704498 Folyo
7 0.314953 0.149258 Folyo
3 0.822101 0.477899 Epulet1
5 0.747294 0.851951 Folyo
1 0.395696 0.535785 Folyo
0 0.923264 0.302737 Epulet1
1 0.769008 0.628529 Folyo
9 0.167217 0.312861 Folyo
6 0.752878 0.664331 Epulet1
9 0.0222 0.302225 Folyo
11 0.853388 0.351339 Folyo
2 0.834181 0.350395 Epulet2
2 0.780687 0.556087 Epulet1
4 0.953363 0.628687 Epulet1
0 0.0755356 0.748609 Epulet2
5 0.211031 0.744046 Folyo
11 0.547759 0.380367 Folyo
2 0.771922 0.462739 Epulet1
2 0.572428 0.503179 Folyo
5 0.945925 0.431772 Epulet2
4 0.791904 0.434065 Epulet1
2 0.661158 0.334534 Epulet1
4 0.337499 0.740198 Folyo
6 0.893449 0.660163 Folyo
2 0.970462 0.473132 Folyo
7 0.0917923 0.482094 Folyo
11 0.360308 0.844083 Epulet2
9 0.382072 0.825603 Epulet2
9 0.241092 0.352332 Folyo
1 0.240087 0.731972 Folyo
3 0.598788 0.6228 Folyo
4 0.658992 0.526029 Folyo
4 0.348964 0.342203 Folyo
4 0.826749 0.253788 Epulet2
9 0.747915 0.49175 Epulet1
1 0.759018 0.466813 Epulet1
4 0.76747 0.128172 Epulet1
3 0.806732 0.518496 Epulet1
2 0.806013 0.622138 Folyo
6 0.404057 0.190653 Epulet1
6 0.531345 0.648907 Epulet2
1 0.0528216 0.144982 Folyo
8 0.895067 0.467266 Epulet1
0 0.368787 0.798364 Epulet2
8 0.931065 0.696355 Folyo
4 0.270008 0.627495 Epulet2
4 0.822724 0.504417 Epulet1
4 0.899095 0.622373 Epulet1
3 0.776462 0.450577 Folyo
9 0.442695 0.339411 Folyo
8 0.753913 0.527781 Folyo
11 0.834108 0.444431 Folyo
11 0.745719 0.536575 Folyo
7 0.641362 0.32988 Epulet1
10 0.370964 0.829036 Epulet2
2 0.502797 0.0483439 Folyo
11 0.949232 0.642823 Folyo
6 0.768566 0.449695 Epulet1
6 0.79988 0.539209 Folyo
5 0.619047 0.173549 Epulet1
9 0.805368 0.502279 Epulet1
6 0.805577 0.501705 Epulet1
8 0.557555 0.525965 Folyo
6 0.638179 0.500675 Folyo
5 0.661063 0.882736 Folyo
10 0.967454 0.685989 Folyo
6 0.298906 0.554703 Folyo
1 0.514016 0.945934 Epulet2
11 0.648979 0.943748 Epulet2
5 0.050393 0.105878 Folyo
2 0.811003 0.497052 Epulet1
11 0.862468 0.396037 Epulet1
10 0.249969 0.497513 Folyo
8 0.655935 0.497145 Folyo
11 0.134967 0.841977 Epulet2
4 0.655202 0.547232 Folyo
11 0.673842 0.459008 Epulet1
5 0.49467 0.827424 Epulet1
4 0.0548743 0.103806 Epulet1
9 0.247158 0.568232 Folyo
7 0.403134 0.79328 Epulet2
3 0.990723 0.69859 Folyo
1 0.426504 0.794848 Epulet2
9 0.176221 0.24325 Folyo
3 0.411363 0.799205 Epulet2
5 0.812547 0.629692 Folyo
9 0.289924 0.33674 Folyo
8 0.132572 0.287679 Folyo
3 0.189152 0.659697 Folyo
8 0.915974 0.630377 Folyo
10 0.336938 0.418133 Folyo
1 0.23939 0.323332 Folyo
7 0.880514 0.517114 Epulet1
0 0.255577 0.288878 Folyo
4 0.188471 0.13664 Folyo
7 0.400567 0.799541 Epulet2
10 0.673616 0.182771 Folyo
0 0.563074 0.374023 Epulet1
3 0.0864769 0.206571 Folyo
1 0.311582 0.434331 Folyo
7 0.397603 0.800553 Epulet2
7 0.823807 0.437982 Epulet1
3 0.0711947 0.358687 Folyo
9 0.28781 0.0197521 Folyo
3 0.802401 0.486386 Epulet1
3 0.679534 0.238756 Folyo
0 0.207657 0.520683 Epulet1
1 0.0223794 0.0897938 Epulet2
4 0.810833 0.49648 Epulet1
4 0.370604 0.703849 Epulet2
4 0.262007 0.568505 Folyo
5 0.90071 0.936223 Epulet1
6 0.944532 0.660519 Epulet1
0 0.495632 0.631365 Folyo
4 0.128219 0.407205 Folyo
11 0.161095 0.146874 Folyo
10 0.72719 0.38122 Epulet2
1 0.194211 0.571448 Epulet2
8 0.859784 0.431227 Epulet1
10 0.365976 0.848591 Epulet2
7 0.321102 0.401899 Folyo
7 0.0859708 0.201019 Folyo
10 0.522106 0.851831 Epulet2
0 0.665032 0.841977 Epulet2
4 0.0764764 0.252405 Folyo
6 0.93676 0.636109 Folyo
2 0.0515428 0.93376 Epulet2
9 0.27662 0.32967 Folyo
7 0.79489 0.758496 Epulet2
3 0.815901 0.890463 Folyo
4 0.866325 0.614879 Epulet1
10 0.169056 0.591259 Folyo
4 0.403231 0.79688 Epulet2
0 0.464912 0.856718 Folyo
9 0.401965 0.801481 Epulet2
5 0.580183 0.508855 Folyo
9 0.398866 0.798696 Epulet2
1 0.446096 0.164433 Folyo
8 0.418317 0.390553 Epulet1
11 0.387471 0.794158 Epulet2
0 0.29121 0.356828 Folyo
6 0.456541 0.6668 Epulet2
8 0.249504 0.186814 Folyo
9 0.401098 0.703248 Epulet1
10 0.796985 0.491244 Epulet1
2 0.800775 0.507374 Epulet1
7 0.976129 0.557228 Epulet1
8 0.5889 0.143885 Folyo
5 0.630732 0.442549 Folyo
8 0.685062 0.367024 Folyo
2 0.121994 0.355883 Epulet1
5 0.878455 0.243389 Epulet1
3 0.473708 0.905432 Folyo
5 0.501652 0.463707 Folyo
3 0.600021 0.45515 Folyo
0 0.600412 0.195502 Folyo
2 0.202499 0.355125 Folyo
9 0.410057 0.805348 Epulet2
8 0.764723 0.506857 Epulet1
10 0.367062 0.0739905 Folyo
8 0.0506228 0.152427 Folyo
1 0.811384 0.500398 Epulet1
3 0.237252 0.280461 Folyo
9 0.216709 0.418402 Folyo
1 0.723243 0.613377 Epulet2
4 0.344029 0.188202 Folyo
6 0.719999 0.885844 Folyo
3 0.965893 0.694759 Folyo
6 0.0842167 0.890549 Epulet2
1 0.442663 0.769004 Epulet2
0 0.84436 0.854561 Epulet2
6 0.76827 0.483128 Epulet1
4 0.808702 0.496833 Epulet1
3 0.120471 0.28179 Folyo
1 0.105854 0.248263 Folyo
4 0.8056 0.477539 Epulet1
8 0.184033 0.796229 Epulet2
0 0.571449 0.29421 Epulet1
11 0.784922 0.487348 Epulet1
1 0.884398 0.301171 Epulet1
7 0.399999 0.799997 Epulet2
5 0.292242 0.775122 Epulet2
6 0.297494 0.564991 Folyo
5 0.490191 0.454824 Folyo
3 0.538713 0.539046 Folyo
11 0.460095 0.331356 Folyo
8 0.0121445 0.197567 Epulet1
7 0.419015 0.954036 Epulet1
7 0.213789 0.510436 Folyo
6 0.41477 0.336471 Folyo
1 0.570786 0.51461 Folyo
5 0.512944 0.447273 Folyo
0 0.381244 0.819422 Epulet2
2 0.267108 0.301768 Folyo
4 0.816166 0.368338 Epulet1
11 0.934042 0.736754 Folyo
3 0.593324 0.119806 Folyo
8 0.399989 0.800024 Epulet2
0 0.348771 0.327146 Folyo
1 0.595102 0.661059 Folyo
8 0.367753 0.267276 Folyo
4 0.850707 0.873473 Folyo
4 0.802083 0.490976 Epulet1
1 0.806493 0.546202 Epulet1
9 0.399905 0.800411 Epulet2
2 0.69096 0.0421417 Folyo
5 0.0571935 0.428578 Folyo
11 0.409024 0.802083 Epulet2
5 0.287912 0.45234 Folyo
8 0.795283 0.745757 Folyo
0 0.395558 0.388171 Folyo
0 0.396768 0.614835 Epulet2
0 0.666667 0.324858 Folyo
3 0.164482 0.116206 Folyo
4 0.646683 0.189448 Epulet2
2 0.465981 0.0439716 Folyo
6 0.875553 0.78515 Folyo
10 0.788842 0.616508 Folyo
6 0.399997 0.799999 Epulet2
7 0.416315 0.76798 Epulet2
5 0.882538 0.71813 Folyo
7 0.906782 0.878922 Folyo
10 0.767262 0.345977 Epulet1
11 0.881447 0.346098 Folyo
0 0.301388 0.018493 Epulet1
9 0.718986 0.55276 Folyo
8 0.398585 0.807279 Epulet2
6 0.868933 0.186941 Folyo
8 0.474147 0.546013 Folyo
0 0.78417 0.612256 Folyo
10 0.399319 0.799739 Epulet2
0 0.559663 0.559627 Folyo
3 0.222733 0.209791 Folyo
7 0.621626 0.0841645 Folyo
8 0.0984885 0.23879 Folyo
3 0.771922 0.462739 Epulet1
4 0.0184453 0.193277 Folyo
11 0.384194 0.678396 Folyo
5 0.610098 0.703641 Folyo
6 0.40406 0.567427 Epulet2
11 0.485344 0.466 Folyo
0 0.848771 0.639401 Folyo
4 0.518381 0.0493116 Epulet1
0 0.0245928 0.531759 Folyo
11 0.513542 0.543578 Folyo
11 0.396409 0.804596 Epulet2
3 0.420091 0.823943 Epulet2
10 0.487855 0.997326 Epulet2
3 0.804365 0.249991 Epulet1
3 0.705097 0.911062 Epulet1
2 0.366175 0.327981 Folyo
4 0.176774 0.549856 Folyo
0 0.798587 0.473037 Epulet1
10 0.429121 0.859707 Epulet2
4 0.978453 0.314509 Folyo
3 0.458295 0.399555 Folyo
11 0.864717 0.741527 Epulet1
1 0.234068 0.909352 Folyo
5 0.381102 0.849232 Epulet2
10 0.436032 0.706134 Epulet2
9 0.29919 0.290733 Folyo
3 0.0132722 0.263546 Folyo
2 0.383704 0.749847 Epulet2
1 0.843337 0.604542 Folyo
11 0.75542 0.802248 Folyo
3 0.275926 0.886646 Folyo
4 0.167808 0.327929 Folyo
10 0.407397 0.799483 Epulet2
7 0.364609 0.80624 Epulet2
2 0.982216 0.812437 Folyo
1 0.274097 0.175154 Folyo
4 0.784596 0.427531 Epulet1
1 0.646627 0.504365 Folyo
0 0.0542097 0.234964 Folyo
10 0.937045 0.683467 Folyo
3 0.859319 0.5 Epulet1
5 0.163161 0.30383 Folyo
4 0.400005 0.799973 Epulet2
11 0.152323 0.638402 Folyo
4 0.829854 0.477972 Folyo
4 0.804835 0.496739 Epulet1
5 0.563098 0.472809 Folyo
4 0.835637 0.632713 Folyo
0 0.919445 0.478939 Epulet1
2 0.683574 0.500778 Folyo
8 0.477207 0.23862 Folyo
11 0.744208 0.762472 Epulet1
6 0.0736691 0.22338 Folyo
0 0.365661 0.473291 Epulet2
2 0.300295 0.76877 Folyo
9 0.272957 0.685609 Epulet2
8 0.355917 0.760308 Epulet2
9 0.871952 0.750396 Epulet2
4 0.25821 0.337711 Folyo
11 0.359734 0.158345 Folyo
0 0.720525 0.81875 Epulet1
11 0.787094 0.504954 Epulet1
9 0.684674 0.428153 Folyo
5 0.624406 0.772195 Folyo
8 0.311313 0.0576829 Folyo
3 0.486455 0.719996 Folyo
8 0.0459873 0.234705 Folyo
4 0.497159 0.108571 Folyo
11 0.918847 0.724398 Folyo
1 0.374689 0.930214 Epulet2
4 0.24928 0.133739 Folyo
0 0.517371 0.470333 Folyo
7 0.928426 0.527192 Folyo
6 0.724231 0.467838 Epulet1
1 0.399775 0.800693 Epulet2
7 0.985734 0.633883 Folyo
8 0.51339 0.484849 Folyo
11 0.372471 0.8231 Epulet2
0 0.917032 0.183828 Epulet2
4 0.664647 0.770462 Folyo
9 0.903569 0.0576445 Folyo
5 0.823782 0.431613 Epulet2
7 0.808115 0.763872 Folyo
9 0.147092 0.926203 Folyo
0 0.427344 0.644928 Epulet2
9 0.383911 0.795989 Epulet2
8 0.0675719 0.229503 Folyo
3 0.724113 0.139971 Folyo
0 0.799657 0.48032 Epulet1
9 0.349793 0.701462 Epulet2
9 0.595937 0.00889479 Folyo
8 0.382624 0.285413 Folyo
5 0.24156 0.558692 Epulet1
1 0.233975 0.54254 Folyo
2 0.834883 0.589566 Folyo
4 0.810734 0.192641 Epulet1
5 0.364609 0.80624 Epulet2
3 0.651914 0.182427 Epulet1
5 0.428724 0.836765 Epulet2
0 0.101428 0.267679 Folyo
4 0.609597 0.561865 Epulet1
5 0.54584 0.976257 Folyo
1 0.848584 0.545305 Epulet1
0 0.019997 0.240745 Folyo
9 0.721799 0.5782 Epulet1
3 0.309374 0.809525 Epulet2
6 0.965013 0.701638 Folyo
5 0.977668 0.671276 Folyo
3 0.709 0.504769 Epulet1
7 0.400051 0.800419 Epulet2
10 0.429667 0.88616 Epulet2
9 0.8695 0.271137 Folyo
10 0.85847 0.339356 Epulet1
10 0.585325 0.468918 Folyo
4 0.177174 0.715234 Folyo
8 0.558182 0.469825 Folyo
2 0.684704 0.502646 Folyo
5 0.0492134 0.108102 Folyo
0 0.0557827 0.236559 Folyo
11 0.0432506 0.0937533 Folyo
1 0.371475 0.829539 Epulet2
4 0.576096 0.635892 Folyo
6 0.169856 0.453672 Folyo
11 0.446292 0.401847 Folyo
2 0.403778 0.364442 Folyo
7 0.755098 0.563238 Folyo
8 0.194414 0.206789 Folyo
1 0.344465 0.77371 Epulet1
1 0.418049 0.474221 Folyo
11 0.0167273 0.142109 Folyo
6 0.424628 0.402203 Folyo
0 0.749919 0.58184 Folyo
3 0.807229 0.558877 Epulet1
1 0.393452 0.538221 Folyo
7 0.661169 0.851999 Folyo
1 0.400084 0.799801 Epulet2
6 0.551861 0.342481 Folyo
0 0.221581 0.321125 Folyo
3 0.142423 0.238078 Folyo
3 0.274846 0.313 Folyo
0 0.909469 0.499817 Folyo
2 0.391385 0.830045 Epulet2
0 0.90608 0.441199 Epulet1
0 0.0836314 0.554759 Folyo
0 0.00923804 0.199656 Folyo
6 0.362492 0.587282 Epulet2
7 0.402952 0.801636 Epulet2
3 0.257289 0.733453 Epulet2
4 0.22562 0.253741 Folyo
8 0.353854 0.847786 Epulet2
11 0.212711 0.369687 Folyo
3 0.259258 0.349645 Folyo
5 0.759251 0.98528 Folyo
0 0.531507 0.759279 Epulet1
9 0.788389 0.717446 Epulet2
11 0.400003 0.800027 Epulet2
9 0.749112 0.457299 Epulet1
2 0.582532 0.282531 Epulet1
4 0.305502 0.0696105 Folyo
4 0.859438 0.80466 Folyo
5 0.417892 0.419156 Folyo
6 0.747759 0.368568 Folyo
10 0.44152 0.571308 Folyo
10 0.773379 0.242572 Folyo
8 0.662652 0.101109 Epulet1
7 0.786656 0.442201 Epulet1
7 0.709711 0.453013 Folyo
10 0.393644 0.803819 Epulet2
7 0.399997 0.800002 Epulet2
11 0.565129 0.755754 Epulet2
7 0.804718 0.503428 Epulet1
5 0.400001 0.800003 Epulet2
7 0.840809 0.491036 Folyo
3 0.431614 0.0762176 Epulet1
2 0.791544 0.531301 Folyo
7 0.909924 0.448742 Epulet1
1 0.923221 0.0144286 Folyo
8 0.380454 0.85534 Folyo
1 0.858369 0.589078 Folyo
6 0.0589676 0.16685 Folyo
3 0.813671 0.599006 Folyo
2 0.825932 0.630524 Folyo
11 0.567749 0.578339 Folyo
3 0.249092 0.565584 Folyo
0 0.138923 0.509373 Folyo
3 0.681821 0.472716 Epulet1
6 0.034193 0.13513 Folyo
0 0.817839 0.508318 Epulet1
3 0.403345 0.804777 Epulet2
11 0.900769 0.666917 Folyo
8 0.0623233 0.191526 Folyo
10 0.948282 0.598474 Folyo
8 0.423745 0.185115 Folyo
6 0.172943 0.267925 Folyo
1 0.390225 0.809775 Epulet2
10 0.795404 0.447466 Epulet1
1 0.152795 0.273272 Folyo
0 0.0133719 0.586221 Folyo
1 0.926962 0.674748 Epulet1
1 0.327512 0.383581 Folyo
8 0.578554 0.544093 Folyo
11 0.490629 0.466527 Folyo
7 0.981802 0.652813 Folyo
7 0.0930905 0.480417 Folyo
4 0.786922 0.404955 Folyo
9 0.885722 0.647356 Folyo
11 0.4 0.8 Epulet2
1 0.80954 0.637995 Folyo
3 0.383623 0.797406 Epulet2
7 0.478284 0.825436 Epulet2
5 0.122437 0.273287 Folyo
6 0.613096 0.428253 Epulet1
2 0.895177 0.87218 Folyo
6 0.708162 0.503142 Folyo
1 0.201734 0.302218 Folyo
3 0.776617 0.4865 Epulet1
5 0.12525 0.00206864 Epulet2
5 0.35454 0.789505 Epulet2
8 0.794555 0.49791 Epulet1
8 0.266647 0.152329 Folyo
5 0.772737 0.780467 Epulet2
5 0.888704 0.582718 Epulet1
5 0.50594 0.720169 Epulet2
6 0.814532 0.219172 Folyo
5 0.642508 0.526654 Folyo
3 0.783348 0.483919 Epulet1
3 0.0910995 0.238272 Folyo
5 0.884975 0.436092 Folyo
2 0.194393 0.29797 Folyo
2 0.399989 0.800024 Epulet2
10 0.0514099 0.33768 Folyo
1 0.236956 0.248552 Folyo
9 0.3838 0.720409 Folyo
6 0.265968 0.32648 Epulet1
7 0.513118 0.572423 Folyo
1 0.360417 0.4054 Folyo
3 0.474177 0.909973 Epulet2
6 0.699448 0.567823 Epulet1
11 0.458697 0.241561 Epulet2
9 0.386501 0.358845 Folyo
11 0.568306 0.472746 Folyo
1 0.90098 0.58834 Folyo
10 0.977984 0.546298 Folyo
5 0.231433 0.634444 Folyo
4 0.468771 0.602813 Folyo
5 0.756374 0.518801 Folyo
1 0.209865 0.240224 Folyo
8 0.399325 0.801591 Epulet2
0 0.134518 0.162545 Folyo
11 0.22905 0.312773 Folyo
10 0.66864 0.518461 Epulet1
7 0.704225 0.444704 Epulet1
7 0.652032 0.446144 Epulet1
3 0.302915 0.822808 Epulet1
3 0.267005 0.327324 Folyo
10 0.403448 0.783781 Epulet2
1 0.859124 0.663844 Folyo
1 0.790747 0.367672 Epulet1
6 0.783542 0.502021 Epulet1
5 0.777748 0.506381 Epulet1
9 0.217107 0.71857 Epulet2
10 0.666241 0.151543 Epulet1
4 0.482447 0.415503 Folyo
8 0.794078 0.495538 Epulet1
9 0.399998 0.799998 Epulet2
5 0.25544 0.118131 Folyo
8 0.829659 0.551372 Epulet1
11 0.278774 0.168617 Folyo
1 0.551364 0.756597 Epulet2
5 0.358401 0.154167 Folyo
3 0.290232 0.00354115 Folyo
9 0.853672 0.587948 Folyo
4 0.187068 0.81602 Folyo
9 0.782797 0.48451 Epulet1
11 0.697827 0.211759 Folyo
7 0.474853 0.423708 Folyo
10 0.713056 0.663515 Epulet1
1 0.399999 0.799997 Epulet2
9 0.402192 0.798883 Epulet2
2 0.576153 0.112282 Epulet1
10 0.296888 0.971606 Epulet2
5 0.544723 0.483757 Folyo
6 0.391823 0.795652 Epulet2
9 0.400002 0.799997 Epulet2
11 0.817538 0.508936 Epulet1
2 0.400213 0.799303 Epulet2
2 0.806547 0.496519 Epulet1
2 0.27419 0.373614 Folyo
0 0.369139 0.560075 Folyo
7 0.758638 0.972746 Epulet1
11 0.900548 0.843794 Epulet2
9 0.779904 0.470207 Epulet1
8 0.631151 0.473256 Epulet1
1 0.430911 0.481342 Folyo
4 0.574092 0.659668 Folyo
11 0.791463 0.459834 Epulet1
8 0.858683 0.198104 Epulet1
11 0.800323 0.490745 Epulet1
2 0.129867 0.410231 Folyo
4 0.741006 0.5062 Epulet1
3 0.370494 0.424745 Folyo
5 0.29736 0.185913 Epulet1
2 0.367448 0.940994 Epulet2
9 0.470235 0.608256 Folyo
9 0.366299 0.310858 Folyo
1 0.851784 0.413817 Epulet1
11 0.408726 0.807322 Epulet2
9 0.745144 0.217786 Epulet1
8 0.419192 0.787055 Epulet2
11 0.233876 0.340681 Folyo
5 0.691694 0.0656011 Epulet1
4 0.795187 0.522643 Epulet1
1 0.470556 0.757606 Epulet2
4 0.343898 0.871807 Epulet2
7 0.0518077 0.299338 Folyo
5 0.409726 0.421458 Folyo
5 0.420862 0.536378 Folyo
3 0.781766 0.748845 Folyo
7 0.849367 0.45555 Epulet1
0 0.795796 0.491748 Epulet1
5 0.740293 0.470879 Epulet1
7 0.543188 0.458591 Folyo
0 0.398905 0.800377 Epulet2
1 0.39419 0.799492 Epulet2
9 0.582057 0.561242 Folyo
8 0.184526 0.784932 Epulet2
1 0.230676 0.305311 Folyo
8 0.792471 0.511594 Epulet1
2 0.861593 0.475115 Epulet1
2 0.874974 0.612038 Folyo
11 0.181668 0.738359 Folyo
0 0.747624 0.527848 Epulet1
4 0.669242 0.299735 Folyo
8 0.961433 0.67414 Folyo
0 0.745868 0.349926 Folyo
7 0.80736 0.500904 Epulet1
9 0.130168 0.412314 Folyo
9 0.674377 0.383153 Folyo
0 0.746008 0.684191 Folyo
2 0.737533 0.396036 Epulet1
6 0.427507 0.30194 Epulet1
9 0.358445 0.832466 Epulet2
7 0.400586 0.796676 Epulet2
6 0.39941 0.799572 Epulet2
9 0.391064 0.782462 Epulet2
9 0.00987654 0.191495 Folyo
11 0.0528035 0.462708 Folyo
10 0.0745796 0.306478 Folyo
2 0.998386 0.623857 Folyo
2 0.433215 0.85753 Epulet2
9 0.824854 0.51055 Epulet1
5 0.493291 0.434161 Folyo
5 0.822227 0.71873 Folyo
8 0.518543 0.143196 Folyo
1 0.265355 0.310977 Folyo
10 0.399271 0.800013 Epulet2
0 0.0961938 0.211151 Folyo
8 0.849714 0.381696 Folyo
11 0.753901 0.462669 Epulet1
7 0.527892 0.644039 Folyo
11 0.882313 0.5 Epulet1
0 0.79551 0.4919 Epulet1
2 0.41159 0.684039 Folyo
0 0.392082 0.821753 Epulet2
2 0.916304 0.701445 Epulet1
1 0.230469 0.5442 Folyo
11 0.774434 0.546122 Epulet1
4 0.718201 0.590902 Folyo
8 0.749159 0.508318 Folyo
10 0.746239 0.474931 Epulet1
9 0.720854 0.762621 Folyo
5 0.69672 0.424753 Folyo
6 0.536861 0.421722 Folyo
11 0.837369 0.426659 Epulet1
10 0.498153 0.453194 Folyo
7 0.109208 0.900126 Epulet2
11 0.329444 0.757606 Epulet2
7 0.552327 0.221905 Folyo
5 0.0937154 0.909502 Folyo
9 0.400026 0.799993 Epulet2
7 0.390307 0.469877 Folyo
1 0.375076 0.619908 Folyo
9 0.820626 0.489491 Epulet1
0 0.667958 0.581792 Folyo
1 0.408976 0.807013 Epulet2
9 0.94929 0.998933 Folyo
4 0.200944 0.231727 Folyo
5 0.400114 0.80072 Epulet2
5 0.0717734 0.21395 Folyo
3 0.835932 0.500627 Epulet1
6 0.397752 0.801001 Epulet2
2 0.454083 0.453586 Folyo
7 0.783128 0.53173 Epulet1
5 0.264632 0.429594 Folyo
10 0.397235 0.798064 Epulet2
1 0.570071 0.500394 Folyo
2 0.923186 0.309897 Folyo
2 0.114525 0.247241 Folyo
7 0.399922 0.804491 Epulet2
5 0.735954 0.356149 Epulet1
1 0.392471 0.788406 Epulet2
1 0.93359 0.687929 Folyo
7 0.638613 0.522089 Folyo
10 0.407023 0.359239 Folyo
2 0.254002 0.858986 Epulet2
10 0.400152 0.799287 Epulet2
5 0.398574 0.803059 Epulet2
5 0.495172 0.126256 Folyo
5 0.84505 0.626421 Folyo
8 0.422046 0.711582 Epulet2
6 0.803684 0.632816 Folyo
11 0.451265 0.948885 Epulet2
4 0.0691517 0.168454 Folyo
11 0.806662 0.506433 Epulet1
10 0.0833444 0.338803 Folyo
1 0.157254 0.330696 Folyo
6 0.38028 0.442057 Folyo
8 0.401449 0.799059 Epulet2
10 0.603605 0.649424 Folyo
4 0.815957 0.57036 Folyo
8 0.84527 0.488713 Epulet1
0 0.94814 0.59178 Folyo
9 0.592744 0.605601 Epulet1
11 0.917816 0.865773 Folyo
0 0.863947 0.236385 Folyo
7 0.343273 0.782657 Epulet2
7 0.392369 0.456393 Folyo
11 0.406212 0.784626 Epulet2
3 0.297908 0.358143 Folyo
0 0.281466 0.717001 Epulet2
5 0.0548743 0.103806 Epulet1
0 0.803809 0.531023 Epulet1
0 0.801289 0.490829 Epulet1
5 0.80649 0.487794 Epulet1
10 0.922824 0.0416183 Epulet1
1 0.74256 0.620712 Folyo
8 0.400716 0.799861 Epulet2
10 0.71198 0.476415 Epulet1
11 0.175317 0.860203 Epulet2
0 0.0457136 0.193623 Folyo
3 0.145244 0.222554 Folyo
9 0.804468 0.503749 Epulet1
0 0.621383 0.61441 Folyo
10 0.3444 0.446288 Folyo
6 0.403177 0.486141 Epulet1
7 0.740575 0.632264 Folyo
7 0.337455 0.546036 Folyo
3 0.288657 0.688656 Epulet2
8 0.498744 0.00112953 Folyo
4 0.231072 0.329419 Folyo
4 0.788028 0.493088 Epulet1
0 0.831023 0.496191 Epulet1
4 0.00136911 0.2893 Folyo
6 0.21269 0.32137 Folyo
4 0.790853 0.501449 Epulet1
2 0.247265 0.647265 Epulet2
2 0.869918 0.750823 Folyo
8 0.384852 0.806744 Epulet2
3 0.409205 0.27467 Folyo
0 0.916719 0.417082 Folyo
0 0.770562 0.520612 Epulet1
5 0.381999 0.836908 Epulet2
1 0.533664 0.467297 Epulet1
6 0.366127 0.69136 Folyo
3 0.947615 0.129187 Folyo
2 0.64 0.770047 Folyo
5 0.942726 0.608335 Folyo
2 0.632969 0.322345 Epulet2
5 0.838381 0.612889 Folyo
11 0.0434676 0.74422 Folyo
0 0.532504 0.626368 Folyo
10 0.363975 0.443964 Folyo
3 0.18327 0.118269 Folyo
1 0.21104 0.326066 Folyo
11 0.141302 0.284962 Folyo
8 0.392604 0.794427 Epulet2
10 0.865252 0.640945 Folyo
5 0.0382125 0.298911 Folyo
3 0.0732619 0.442752 Folyo
10 0.40644 0.293762 Folyo
3 0.10991 0.352289 Folyo
9 0.81051 0.400006 Epulet1
11 0.786918 0.60291 Folyo
1 0.410149 0.794829 Epulet2
4 0.401652 0.799495 Epulet2
4 0.341123 0.792771 Epulet2
8 0.621373 0.416517 Folyo
0 0.82272 0.562424 Epulet1
7 0.80505 0.644615 Epulet1
5 0.404923 0.46266 Folyo
3 0.659534 0.553082 Folyo
1 0.337507 0.264726 Folyo
2 0.0154511 0.17294 Folyo
6 0.392603 0.799483 Epulet2
11 0.775953 0.526706 Epulet1
10 0.591734 0.776856 Folyo
0 0.45403 0.438492 Folyo
10 0.387494 0.463658 Folyo
10 0.4464 0.804877 Epulet2
7 0.49304 0.491876 Folyo
9 0.522729 0.288967 Folyo
0 0.400675 0.801591 Epulet2
9 0.79148 0.45557 Folyo
9 0.400003 0.799999 Epulet2
10 0.385329 0.502404 Folyo
5 0.406547 0.796519 Epulet2
9 0.399808 0.800376 Epulet2
0 0.371767 0.393002 Folyo
7 0.811095 0.512322 Epulet1
3 0.907699 0.233439 Epulet1
4 0.352656 0.583315 Folyo
7 0.205451 0.2364 Folyo
0 0.97783 0.636908 Folyo
7 0.925903 0.583933 Folyo
1 0.417947 0.406711 Folyo
3 0.813159 0.399127 Folyo
8 0.241908 0.311408 Folyo
2 0.805614 0.47359 Epulet1
3 0.319456 0.805179 Folyo
0 0.819321 0.503756 Epulet1
8 0.856416 0.518331 Epulet1
2 0.8405 0.406991 Folyo
2 0.250175 0.908853 Epulet2
6 0.82608 0.506988 Epulet1
3 0.151189 0.98077 Epulet2
0 0.458697 0.241561 Epulet2
7 0.363582 0.468051 Folyo
10 0.665032 0.841978 Epulet2
2 0.320947 0.345602 Folyo
5 0.829553 0.510176 Epulet1
6 0.763324 0.460824 Folyo
6 0.713298 0.558547 Folyo
1 0.261316 0.936214 Epulet1
7 0.756101 0.98536 Folyo
7 0.856069 0.657767 Folyo
10 0.966379 0.667783 Folyo
9 0.672293 0.342181 Folyo
10 0.416541 0.798843 Epulet2
3 0.728307 0.0370674 Folyo
3 0.256459 0.401109 Folyo
3 0.7769 0.527529 Epulet1
10 0.4 0.799997 Epulet2
4 0.866196 0.683578 Folyo
9 0.400398 0.811384 Epulet2
11 0.80168 0.96581 Folyo
7 0.150562 0.817441 Epulet2
11 0.878112 0.647572 Folyo
2 0.722704 0.541607 Folyo
5 0.398913 0.798657 Epulet2
10 0.668855 0.438845 Epulet1
9 0.978238 0.642178 Folyo
10 0.597483 0.676043 Epulet1
8 0.817992 0.579517 Folyo
0 0.0964676 0.77072 Folyo
5 0.327531 0.815403 Epulet2
2 0.391168 0.212035 Folyo
4 0.831278 0.539714 Folyo
7 0.881408 0.263576 Epulet1
8 0.854751 0.669335 Folyo
1 0.0776526 0.249672 Folyo
3 0.615714 0.421774 Epulet1
3 0.532625 0.497406 Folyo
11 0.400205 0.799631 Epulet2
7 0.881056 0.761568 Folyo
10 0.364539 0.915988 Epulet2
9 0.505877 0.270205 Epulet1
6 0.795735 0.503977 Epulet1
2 0.474585 0.455442 Folyo
9 0.13057 0.442452 Epulet2
10 0.805828 0.507197 Epulet1
0 0.874528 0.624035 Epulet1
8 0.387082 0.615258 Epulet2
1 0.919754 0.681519 Folyo
9 0.799567 0.763137 Folyo
6 0.783903 0.807125 Epulet1
0 0.111332 0.208141 Epulet2
5 0.379623 0.817714 Epulet2
8 0.218468 0.193762 Folyo
1 0.758842 0.334767 Folyo
8 0.722722 0.451711 Epulet1
10 0.449261 0.627657 Epulet1
7 0.360638 0.347882 Folyo
1 0.997326 0.587855 Epulet1
8 0.762631 0.426659 Epulet1
4 0.528987 0.709683 Epulet2
3 0.584939 0.809693 Epulet2
10 0.469951 0.0457233 Epulet1
11 0.162693 0.291094 Epulet2
9 0.437676 0.658232 Folyo
11 0.21909 0.329418 Folyo
8 0.441979 0.285272 Folyo
3 0.861234 0.998715 Epulet1
1 0.410507 0.765633 Epulet2
9 0.400189 0.800704 Epulet2
6 0.196868 0.15307 Folyo
7 0.382502 0.383733 Folyo
5 0.56164 0.556201 Folyo
6 0.930894 0.928135 Epulet1
11 0.285433 0.67845 Folyo
5 0.618755 0.523848 Folyo
4 0.751567 0.305745 Epulet1
5 0.343898 0.295062 Folyo
10 0.746842 0.938297 Folyo
8 0.25464 0.372676 Folyo
0 0.83355 0.512879 Epulet1
4 0.802173 0.511181 Epulet1
1 0.88665 0.37822 Folyo
11 0.425015 0.41379 Folyo
2 0.400003 0.799999 Epulet2
0 0.837825 0.396078 Epulet1
4 0.402192 0.798883 Epulet2
11 0.0667658 0.114264 Folyo
10 0.400323 0.800271 Epulet2
2 0.537885 0.459452 Folyo
6 0.486201 0.069852 Folyo
7 0.848792 0.62843 Folyo
6 0.295314 0.253846 Epulet1
10 0.689577 0.275735 Folyo
5 0.902702 0.36821 Folyo
8 0.419715 0.132719 Folyo
4 0.877278 0.548289 Epulet1
1 0.175499 0.303071 Folyo
1 0.755628 0.485582 Epulet1
1 0.0986794 0.736553 Folyo
4 0.366476 0.306981 Epulet1
9 0.473367 0.810311 Epulet2
3 0.0105019 0.190416 Folyo
3 0.423055 0.402976 Folyo
7 0.027727 0.46169 Folyo
0 0.555891 0.0623464 Folyo
8 0.311582 0.822045 Epulet2
2 0.518792 0.45108 Folyo
8 0.304447 0.220341 Folyo
0 0.750102 0.775566 Folyo
5 0.399979 0.800017 Epulet2
8 0.478207 0.476048 Folyo
5 0.951735 0.446765 Folyo
8 0.466172 0.454772 Folyo
9 0.383671 0.802879 Epulet2
11 0.574307 0.444198 Folyo
6 0.823383 0.5135 Epulet1
8 0.33734 0.373138 Folyo
3 0.68405 0.559755 Folyo
5 0.251467 0.39706 Folyo
4 0.781882 0.507691 Epulet1
9 0.167915 0.76258 Folyo
4 0.402447 0.796233 Epulet2
0 0.479911 0.4261 Epulet1
11 0.272133 0.416589 Folyo
11 0.228302 0.298709 Folyo
6 0.545934 0.914017 Epulet2
9 0.983813 0.477431 Epulet1
9 0.824713 0.467205 Epulet1
5 0.226925 0.137468 Folyo
9 0.47031 0.465315 Folyo
0 0.247755 0.795995 Folyo
8 0.401003 0.800579 Epulet2
2 0.70652 0.652262 Folyo
8 0.79259 0.537433 Folyo
2 0.68701 0.595214 Folyo
0 0.743806 0.57229 Folyo
2 0.81072 0.516508 Epulet1
9 0.721284 0.524066 Epulet1
0 0.243094 0.149713 Folyo
5 0.201387 0.389699 Folyo
3 0.444989 0.409789 Folyo
6 0.34288 0.432789 Folyo
0 0.40042 0.799963 Epulet2
2 0.718956 0.489552 Folyo
5 0.533444 0.805555 Folyo
3 0.399603 0.800611 Epulet2
9 0.454631 0.488617 Folyo
3 0.360367 0.696753 Epulet2
6 0.399723 0.800318 Epulet2
2 0.035763 0.202987 Folyo
11 0.210119 0.471025 Folyo
1 0.565134 0.763556 Folyo
7 0.793619 0.522252 Epulet1
5 0.250351 0.307445 Folyo
9 0.827928 0.522616 Epulet1
6 0.262816 0.0946545 Folyo
2 0.22192 0.37169 Folyo
0 0.422614 0.519302 Folyo
3 0.497246 0.440981 Folyo
9 0.0476461 0.264 Folyo
5 0.937611 0.476535 Folyo
5 0.00256984 0.253347 Folyo
11 0.403929 0.793712 Epulet2
11 0.198383 0.310779 Folyo
8 0.42628 0.333596 Folyo
11 0.803621 0.477136 Epulet1
9 0.830713 0.624087 Folyo
1 0.765976 0.451409 Epulet1
10 0.84143 0.438578 Epulet1
6 0.142818 0.178653 Folyo
8 0.373103 0.802353 Epulet2
0 0.812865 0.572962 Epulet1
4 0.806702 0.512091 Epulet1
6 0.0466666 0.287523 Folyo
3 0.773194 0.806376 Epulet1
1 0.808646 0.496681 Epulet1
10 0.794751 0.663675 Folyo
11 0.586018 0.289831 Folyo
6 0.0415013 0.130052 Epulet1
2 0.419718 0.757715 Epulet2
3 0.825207 0.490324 Epulet1
11 0.318607 0.478622 Folyo
6 0.217942 0.147381 Folyo
10 0.709504 0.077244 Folyo
8 0.394956 0.807767 Epulet2
10 0.996072 0.710261 Epulet1
3 0.343273 0.782657 Epulet2
0 0.400993 0.788653 Epulet2
6 0.772303 0.103902 Epulet1
4 0.85339 0.1646 Folyo
0 0.724803 0.533479 Epulet1
3 0.490653 0.895942 Epulet1
0 0.98616 0.894466 Folyo
0 0.0863471 0.352611 Folyo
3 0.31121 0.820498 Epulet2
7 0.083374 0.200678 Folyo
2 0.555929 0.124612 Epulet2
6 0.0371872 0.255469 Folyo
9 0.542455 0.494383 Folyo
11 0.491845 0.215321 Folyo
8 0.813607 0.481272 Epulet1
3 0.488667 0.14185 Epulet1
10 0.137134 0.297339 Epulet1
10 0.821453 0.806798 Epulet1
4 0.0967382 0.32523 Folyo
9 0.282967 0.331198 Folyo
7 0.850794 0.727081 Folyo
2 0.934208 0.575098 Folyo
3 0.363768 0.424199 Folyo
11 0.775848 0.150669 Folyo
10 0.516589 0.378099 Folyo
0 0.161322 0.276774 Folyo
3 0.730818 0.200335 Epulet1
8 0.775038 0.48119 Epulet1
4 0.425281 0.767642 Epulet2
4 0.583862 0.488309 Folyo
7 0.919508 0.853718 Folyo
0 0.431403 0.259071 Folyo
9 0.439066 0.0698529 Epulet1
6 0.475931 0.452933 Folyo
9 0.163073 0.925975 Epulet2
1 0.0235236 0.239023 Folyo
8 0.636807 0.65339 Folyo
4 0.759693 0.517746 Folyo
8 0.184951 0.284053 Folyo
11 0.726014 0.496122 Epulet1
7 0.514714 0.45121 Folyo
10 0.0300551 0.0414998 Epulet2
8 0.397438 0.811099 Epulet2
9 0.655546 0.332761 Folyo
10 0.524131 0.513703 Folyo
3 0.380856 0.697159 Folyo
10 0.680931 0.0739089 Folyo
1 0.946418 0.636537 Epulet1
4 0.815711 0.525054 Folyo
3 0.914806 0.0395445 Epulet1
8 0.388777 0.820247 Epulet2
4 0.412098 0.397309 Folyo
9 0.8 0.610592 Epulet1
1 0.148929 0.280311 Folyo
1 0.8 0.644703 Epulet1
4 0.49285 0.831794 Folyo
10 0.830781 0.494573 Epulet1
2 0.250528 0.430143 Folyo
1 0.0418398 0.0581946 Folyo
2 0.397049 0.505132 Folyo
2 0.49201 0.504867 Folyo
3 0.792635 0.921811 Epulet1
8 0.399007 0.788653 Epulet2
2 0.0698611 0.447135 Folyo
3 0.39034 0.793964 Epulet2
7 0.522711 0.42942 Folyo
3 0.420905 0.701653 Epulet2
3 0.77616 0.487324 Epulet1
9 0.751656 0.512958 Folyo
6 0.751614 0.96883 Folyo
7 0.13299 0.236049 Folyo
9 0.818945 0.426016 Folyo
9 0.49477 0.478417 Folyo
10 0.782072 0.474397 Epulet1
0 0.769524 0.480956 Epulet1
11 0.966084 0.692973 Folyo
8 0.494705 0.593152 Folyo
9 0.0571809 0.278872 Folyo
6 0.245473 0.718625 Folyo
6 0.475261 0.14032 Folyo
11 0.238033 0.917675 Epulet2
3 0.0495974 0.8 Epulet2
3 0.5516 0.468112 Folyo
4 0.482982 0.487361 Folyo
7 0.0271053 0.340094 Folyo
7 0.642239 0.376743 Epulet1
5 0.814276 0.110532 Epulet2
2 0.793078 0.497343 Epulet1
9 0.46073 0.938465 Folyo
11 0.768152 0.948745 Epulet2
7 0.761427 0.410209 Folyo
1 0.202674 0.712145 Epulet2
0 0.749382 0.401904 Folyo
9 0.86659 0.532478 Epulet1
11 0.375354 0.398106 Folyo
9 0.657942 0.726038 Epulet2
2 0.639558 0.91796 Epulet1
4 0.00358407 0.903695 Folyo
11 0.715226 0.190444 Folyo
6 0.708935 0.612455 Epulet1
8 0.366021 0.7883 Epulet2
7 0.188847 0.0636144 Epulet2
7 0.0370933 0.19417 Folyo
0 0.933747 0.433577 Folyo
1 0.553728 0.397768 Folyo
7 0.69967 0.539502 Epulet2
1 0.0361296 0.153559 Folyo
3 0.765234 0.69716 Epulet1
11 0.393336 0.79675 Epulet2
6 0.159145 0.226831 Folyo
9 0.830804 0.481491 Epulet1
3 0.111582 0.0830038 Folyo
0 0.363436 0.927512 Epulet2
1 0.431277 0.404242 Folyo
6 0.399421 0.798997 Epulet2
8 0.0099398 0.396078 Epulet2
10 0.333829 0.513217 Folyo
8 0.25871 0.812511 Epulet1
11 0.811975 0.885046 Folyo
4 0.638931 0.541679 Folyo
2 0.400396 0.799856 Epulet2
3 0.805999 0.495642 Epulet1
5 0.693682 0.553374 Folyo
0 0.980665 0.618841 Folyo
11 0.353408 0.797558 Epulet2
7 0.319083 0.680035 Epulet2
10 0.0249306 0.742551 Folyo
7 0.789565 0.512886 Epulet1
3 0.76248 0.482237 Folyo
5 0.363994 0.904567 Epulet2
1 0.468433 0.24267 Epulet2
1 0.1108 0.318686 Epulet2
9 0.683604 0.811601 Folyo
10 0.412886 0.789565 Epulet2
11 0.4 0.8 Epulet2
5 0.254412 0.731586 Epulet1
1 0.415188 0.83257 Epulet2
11 0.528491 0.651014 Folyo
3 0.932813 0.667231 Folyo
4 0.694108 0.889919 Epulet2
4 0.898417 0.640541 Folyo
8 0.578919 0.52449 Epulet2
0 0.369753 0.756802 Epulet2
7 0.516788 0.961798 Folyo
4 0.810495 0.54546 Epulet1
2 0.590844 0.506128 Epulet2
9 0.229718 0.829249 Epulet1
5 0.400346 0.800242 Epulet2
9 0.115099 0.311425 Folyo
3 0.590649 0.254552 Folyo
7 0.4925 0.494631 Epulet1
1 0.654895 0.56766 Folyo
10 0.646225 0.766343 Epulet1
6 0.394034 0.62915 Epulet2
11 0.71176 0.565986 Folyo
0 0.438464 0.36259 Folyo
9 0.785097 0.507269 Epulet1
5 0.703155 0.0212103 Folyo
8 0.959691 0.0263948 Folyo
0 0.385556 0.363953 Folyo
6 0.22027 0.587002 Folyo
6 0.537948 0.52812 Folyo
4 0.920439 0.64459 Folyo
2 0.195768 0.870322 Epulet2
6 0.845488 0.129534 Epulet1
5 0.809467 0.575635 Folyo
8 0.576811 0.623191 Epulet2
8 0.196556 0.91277 Epulet2
10 0.962816 0.929848 Folyo
3 0.825281 0.532359 Epulet1
9 0.963828 0.829429 Folyo
6 0.40224 0.808986 Epulet2
2 0.291632 0.106885 Folyo
3 0.390406 0.852658 Folyo
1 0.773883 0.582429 Folyo
0 0.728709 0.598123 Epulet1
10 0.843197 0.530247 Epulet1
9 0.766755 0.568433 Folyo
11 0.9515 0.668472 Folyo
9 0.149003 0.239872 Folyo
4 0.457776 0.430549 Folyo
5 0.497648 0.398144 Folyo
0 0.765455 0.509905 Epulet1
9 0.494856 0.346028 Folyo
4 0.894346 0.851424 Folyo
1 0.849332 0.610802 Epulet1
11 0.635594 0.997687 Epulet2
2 0.0954996 0.187369 Folyo
6 0.413027 0.426979 Epulet2
6 0.487027 0.900113 Epulet2
11 0.864673 0.219873 Epulet1
8 0.815053 0.569933 Epulet2
5 0.398143 0.801614 Epulet2
4 0.404326 0.390078 Folyo
10 0.654556 0.527025 Epulet2
6 0.179358 0.451048 Folyo
5 0.382896 0.409852 Folyo
4 0.935369 0.308796 Folyo
11 0.815924 0.511569 Epulet1
1 0.488539 0.434429 Folyo
9 0.830448 0.801594 Folyo
3 0.272546 0.321424 Folyo
9 0.915819 0.597092 Folyo
2 0.81587 0.521843 Epulet1
7 0.436628 0.451517 Epulet2
0 0.532006 0.923458 Folyo
0 0.726791 0.654742 Folyo
2 0.802827 0.494899 Epulet1
0 0.420065 0.818067 Epulet2
1 0.924894 0.796187 Folyo
3 0.399928 0.800056 Epulet2
9 0.0786966 0.219313 Folyo
8 0.754807 0.740353 Folyo
10 0.249818 0.0217311 Epulet1
5 0.802562 0.488901 Epulet1
0 0.799225 0.507374 Epulet1
9 0.497119 0.826023 Epulet2
3 0.118028 0.237328 Folyo
8 0.427284 0.918179 Epulet2
1 0.107788 0.912382 Folyo
6 0.57994 0.887763 Epulet2
2 0.907924 0.933419 Folyo
3 0.8058 0.49939 Epulet1
1 0.306259 0.514718 Folyo
4 0.807339 0.447779 Epulet1
11 0.509424 0.425932 Folyo
10 0.0083593 0.0809043 Folyo
5 0.826023 0.597119 Epulet1
6 0.512664 0.838836 Folyo
10 0.655986 0.639071 Epulet1
6 0.266784 0.671354 Epulet2
4 0.936186 0.290293 Epulet1
9 0.167423 0.210827 Folyo
2 0.75509 0.71128 Epulet1
5 0.252409 0.130032 Folyo
9 0.312567 0.34594 Folyo
11 0.812879 0.53355 Epulet1
2 0.476826 0.228823 Epulet1
6 0.852828 0.662587 Epulet1
1 0.775926 0.575878 Folyo
11 0.740186 0.447423 Folyo
1 0.569229 0.702467 Folyo
3 0.770466 0.845488 Epulet2
11 0.140287 0.261412 Folyo
1 0.748204 0.455588 Folyo
0 0.138102 0.110454 Folyo
5 0.646167 0.411331 Folyo
0 0.0113462 0.227576 Folyo
0 0.718098 0.460053 Epulet1
2 0.379453 0.366308 Folyo
3 0.0733756 0.436306 Folyo
1 0.520786 0.979072 Epulet2
5 0.38928 0.816508 Epulet2
3 0.538423 0.700577 Folyo
11 0.822575 0.405522 Folyo
8 0.118554 0.456816 Folyo
9 0.835041 0.610927 Folyo
8 0.799681 0.721224 Folyo
5 0.0716911 0.788535 Epulet2
11 0.348517 0.784488 Folyo
7 0.236983 0.658291 Epulet2
9 0.406882 0.793803 Epulet2
3 0.727292 0.331849 Folyo
3 0.452726 0.79908 Epulet2
9 0.963355 0.771267 Folyo
0 0.838456 0.666572 Epulet1
8 0.768863 0.497276 Epulet1
2 0.605771 0.460919 Folyo
11 0.920299 0.689674 Folyo
4 0.387742 0.775943 Epulet2
6 0.537972 0.227041 Folyo
8 0.61116 0.758043 Folyo
6 0.310912 0.914027 Epulet2
2 0.858742 0.491744 Epulet1
4 0.688957 0.452663 Folyo
8 0.244298 0.534262 Folyo
1 0.217621 0.767841 Epulet2
11 0.619229 0.646384 Epulet1
8 0.430045 0.791385 Epulet2
10 0.24212 0.384289 Folyo
5 0.421974 0.690295 Folyo
9 0.951817 0.539834 Folyo
10 0.704469 0.686168 Folyo
9 0.81032 0.614656 Folyo
8 0.399585 0.801081 Epulet2
5 0.54425 0.477773 Folyo
0 0.846123 0.474434 Epulet1
10 0.106764 0.26669 Folyo
10 0.0801734 0.244696 Folyo
1 0.4211 0.394571 Folyo
11 0.400744 0.800887 Epulet2
1 0.408703 0.796833 Epulet2
2 0.185544 0.124028 Folyo
1 0.858714 0.917769 Epulet1
4 0.806931 0.102995 Epulet1
4 0.015215 0.0686324 Folyo
3 0.435119 0.3879 Folyo
10 0.65421 0.812385 Folyo
5 0.398274 0.79991 Epulet2
10 0.363515 0.247969 Folyo
1 0.488814 0.404611 Folyo
7 0.497111 0.500047 Folyo
10 0.224961 0.337318 Folyo
9 0.396518 0.363276 Folyo
11 0.410137 0.816872 Epulet2
7 0.514409 0.121005 Epulet1
2 0.778977 0.198446 Folyo
7 0.399353 0.801602 Epulet2
4 0.336506 0.733033 Folyo
6 0.466177 0.79421 Epulet2
0 0.399948 0.79979 Epulet2
9 0.457557 0.78565 Epulet2
10 0.150342 0.905948 Epulet1
7 0.190952 0.299615 Folyo
10 0.715167 0.354579 Folyo
9 0.963902 0.483359 Folyo
9 0.400235 0.795514 Epulet2
4 0.355232 0.761083 Epulet2
8 0.412213 0.828771 Epulet2
7 0.00240552 0.699205 Folyo
10 0.0162579 0.680938 Epulet1
3 0.966171 0.575755 Folyo
0 0.0202849 0.683908 Epulet2
10 0.576937 0.923893 Epulet2
11 0.819336 0.563871 Folyo
2 0.481828 0.42609 Folyo
0 0.458764 0.929314 Folyo
0 0.522736 0.474438 Folyo
6 0.714524 0.351949 Epulet1
2 0.554972 0.694804 Folyo
1 0.39606 0.385795 Folyo
2 0.353119 0.293801 Folyo
9 0.145104 0.56883 Epulet1
7 0.760953 0.553743 Epulet1
0 0.654967 0.971979 Epulet2
10 0.435587 0.794999 Epulet2
5 0.392627 0.81825 Epulet2
11 0.670459 0.519218 Folyo
9 0.592068 0.525498 Folyo
11 0.663289 0.536452 Folyo
11 0.121064 0.288271 Folyo
7 0.77184 0.586665 Epulet1
9 0.805606 0.498392 Epulet1
3 0.746257 0.460953 Epulet1
6 0.379536 0.28821 Folyo
0 0.855064 0.391932 Epulet1
4 0.120367 0.201308 Folyo
2 0.371441 0.444654 Folyo
7 0.187082 0.307116 Folyo
5 0.769005 0.17567 Folyo
